Etapa 1
Fila nova
1999
1999
1999
1997
1997
1990
1981
1980
1979
1977
1976
1970
1964
1961
1959
1957
1955
1954
1952
1951
1951
1951
1950
1950
1950
1950
1945
1945
1943
1941
1933
1932
1932
1929
1927
1926
1923
1910
1909
1905
1905
1903
1898
1896
1895
1889
1888
1885
1885
1883
1882
1879
1879
1878
1874
1871
1867
1863
1861
1857
1852
1851
1850
1849
1846
1845
1843
1842
1841
1840
1837
1834
1832
1831
1831
1827
1825
1824
1823
1818
1811
1811
1808
1807
1802
1793
1792
1791
1789
1785
1783
1783
1778
1768
1767
1766
1760
1759
1757
1753
1748
1748
1747
1744
1744
1740
1737
1735
1734
1734
1734
1733
1728
1727
1724
1721
1720
1720
1718
1716
1715
1715
1715
1710
1700
1699
1696
1696
1692
1684
1682
1681
1679
1677
1676
1673
1671
1671
1670
1669
1666
1664
1664
1663
1663
1662
1657
1657
1655
1654
1652
1650
1650
1648
1647
1645
1644
1644
1643
1642
1637
1636
1636
1636
1621
1620
1618
1618
1617
1612
1611
1606
1604
1603
1603
1603
1603
1602
1598
1597
1596
1595
1594
1593
1587
1587
1586
1583
1580
1579
1579
1573
1571
1570
1570
1567
1566
1566
1565
1562
1561
1560
1559
1556
1555
1555
1554
1547
1546
1543
1542
1537
1535
1533
1532
1531
1531
1526
1524
1519
1519
1518
1517
1515
1511
1505
1503
1500
1493
1492
1492
1492
1487
1486
1485
1472
1471
1463
1462
1462
1458
1456
1455
1454
1454
1451
1450
1446
1446
1444
1439
1436
1436
1435
1432
1430
1430
1430
1427
1422
1421
1418
1413
1413
1408
1404
1403
1402
1399
1396
1396
1395
1393
1390
1388
1384
1382
1378
1376
1376
1368
1368
1364
1364
1359
1359
1358
1356
1352
1345
1343
1338
1336
1336
1334
1334
1333
1330
1328
1326
1323
1321
1320
1318
1313
1312
1305
1302
1297
1297
1296
1287
1286
1285
1285
1284
1280
1279
1272
1271
1269
1264
1264
1261
1259
1258
1258
1253
1252
1251
1251
1251
1243
1239
1236
1234
1231
1228
1228
1227
1226
1225
1222
1217
1217
1212
1211
1206
1205
1205
1204
1199
1198
1197
1196
1195
1194
1194
1193
1192
1192
1192
1190
1188
1185
1183
1183
1182
1181
1181
1181
1180
1180
1174
1169
1162
1159
1156
1151
1150
1150
1150
1136
1136
1134
1133
1132
1131
1131
1127
1126
1126
1124
1123
1120
1119
1119
1116
1116
1112
1101
1099
1094
1089
1089
1080
1079
1078
1078
1076
1075
1072
1070
1069
1066
1064
1063
1063
1059
1056
1054
1051
1050
1049
1046
1045
1044
1044
1044
1042
1041
1041
1039
1038
1034
1032
1027
1027
1027
1023
1022
1020
1019
1019
1019
1010
1003
1002
1002
999
999
995
993
991
989
988
987
985
985
984
981
978
978
974
973
970
967
967
965
965
962
958
956
956
956
953
951
950
949
939
937
936
935
935
933
932
931
931
929
928
921
920
917
912
909
906
905
904
904
902
900
900
897
896
895
894
894
891
890
889
887
879
874
874
873
872
868
868
865
862
860
856
855
854
853
852
850
847
846
845
844
842
840
839
838
838
837
837
835
834
834
834
831
831
831
830
825
821
821
820
816
815
811
801
801
800
800
799
798
798
794
790
789
788
786
784
776
776
775
773
770
767
760
759
758
758
754
750
746
745
744
743
742
740
738
737
733
732
728
728
726
725
722
722
716
716
711
709
709
704
703
701
700
700
700
698
698
695
692
692
691
690
688
687
685
683
683
681
680
680
679
677
676
676
672
669
662
660
655
643
640
639
638
636
635
635
635
631
631
630
628
628
625
622
621
621
620
620
614
613
610
608
606
604
603
602
601
601
600
599
597
594
592
590
589
588
581
581
580
579
578
578
574
570
569
568
565
564
563
562
560
554
553
551
550
548
546
545
543
540
538
537
536
536
536
533
532
532
531
531
530
528
527
525
524
523
520
520
519
518
517
517
515
514
509
509
507
504
504
501
500
497
497
495
493
493
492
491
490
489
486
486
486
484
483
483
482
482
480
480
479
470
469
463
460
459
457
457
455
453
448
448
446
446
446
444
431
429
427
426
424
418
417
416
415
413
413
411
405
399
395
394
390
389
387
386
384
376
376
371
367
364
362
361
359
357
353
352
351
346
343
340
339
334
333
330
326
325
324
319
316
313
312
308
306
305
300
295
295
295
294
292
291
291
289
286
286
286
284
279
279
277
277
277
274
272
271
269
268
262
261
261
260
256
255
254
251
246
235
235
235
233
226
225
222
219
218
217
208
208
207
207
206
206
205
204
195
194
193
190
190
188
183
181
179
179
176
175
173
172
171
169
166
161
160
159
159
159
156
153
152
151
151
150
148
148
148
147
143
141
139
139
136
135
134
131
130
129
128
126
125
124
123
122
122
121
116
115
113
112
108
102
100
99
98
96
94
94
92
91
91
89
89
88
84
84
79
79
76
76
72
71
71
70
70
69
69
65
64
62
62
61
61
54
52
48
46
42
42
42
40
38
35
34
32
30
23
22
20
18
15
15
14
12
11
11
9
8
7
3
1
0
Tamanho maximo da fila: 100000
Numero de push(): 100000
Numero de pop(): 100000
