Etapa 1
Fila original
1999
1984
1981
1956
1954
1920
1913
1880
1818
1803
1790
1764
1763
1758
1752
1749
1721
1717
1697
1629
1627
1619
1595
1561
1519
1497
1492
1486
1463
1447
1421
1408
1393
1372
1320
1281
1244
1239
1223
1171
1160
1109
1083
1076
1067
1053
1043
994
975
967
959
949
894
870
856
838
763
698
693
683
683
661
652
614
587
550
538
487
485
481
480
449
435
412
340
330
296
289
272
244
183
174
164
144
133
113
110
90
57
57
Tamanho maximo da fila: 10000
Numero de push(): 10000
Numero de pop(): 10000
